 ncell=         121 ;
 nedge=         400 ;
 nvert=         280 ;
 cell_v{           1 }=[         201           1           2         202         242         201 ];
 cell_v{           2 }=[         203           5           3           1         201         241         203 ];
 cell_v{           3 }=[           2           1           3           6           8           4           2 ];
 cell_v{           4 }=[         202           2           4           7         204         244         202 ];
 cell_v{           5 }=[         205          13           9           5         203         243         205 ];
 cell_v{           6 }=[           6           3           5           9          14          10           6 ];
 cell_v{           7 }=[           8           6          10          15          18          12           8 ];
 cell_v{           8 }=[           7           4           8          12          17          11           7 ];
 cell_v{           9 }=[         204           7          11          16         206         246         204 ];
 cell_v{          10 }=[         207          25          19          13         205         245         207 ];
 cell_v{          11 }=[          14           9          13          19          26          20          14 ];
 cell_v{          12 }=[          15          10          14          20          27          21          15 ];
 cell_v{          13 }=[          18          15          21          28          32          24          18 ];
 cell_v{          14 }=[          17          12          18          24          31          23          17 ];
 cell_v{          15 }=[          16          11          17          23          30          22          16 ];
 cell_v{          16 }=[         206          16          22          29         208         248         206 ];
 cell_v{          17 }=[         209          41          33          25         207         247         209 ];
 cell_v{          18 }=[          26          19          25          33          42          34          26 ];
 cell_v{          19 }=[          27          20          26          34          43          35          27 ];
 cell_v{          20 }=[          28          21          27          35          44          36          28 ];
 cell_v{          21 }=[          32          28          36          45          50          40          32 ];
 cell_v{          22 }=[          31          24          32          40          49          39          31 ];
 cell_v{          23 }=[          30          23          31          39          48          38          30 ];
 cell_v{          24 }=[          29          22          30          38          47          37          29 ];
 cell_v{          25 }=[         208          29          37          46         210         250         208 ];
 cell_v{          26 }=[         211          61          51          41         209         249         211 ];
 cell_v{          27 }=[          42          33          41          51          62          52          42 ];
 cell_v{          28 }=[          43          34          42          52          63          53          43 ];
 cell_v{          29 }=[          44          35          43          53          64          54          44 ];
 cell_v{          30 }=[          45          36          44          54          65          55          45 ];
 cell_v{          31 }=[          50          45          55          66          72          60          50 ];
 cell_v{          32 }=[          49          40          50          60          71          59          49 ];
 cell_v{          33 }=[          48          39          49          59          70          58          48 ];
 cell_v{          34 }=[          47          38          48          58          69          57          47 ];
 cell_v{          35 }=[          46          37          47          57          68          56          46 ];
 cell_v{          36 }=[         210          46          56          67         212         252         210 ];
 cell_v{          37 }=[         213          85          73          61         211         251         213 ];
 cell_v{          38 }=[          62          51          61          73          86          74          62 ];
 cell_v{          39 }=[          63          52          62          74          87          75          63 ];
 cell_v{          40 }=[          64          53          63          75          88          76          64 ];
 cell_v{          41 }=[          65          54          64          76          89          77          65 ];
 cell_v{          42 }=[          66          55          65          77          90          78          66 ];
 cell_v{          43 }=[          72          66          78          91          98          84          72 ];
 cell_v{          44 }=[          71          60          72          84          97          83          71 ];
 cell_v{          45 }=[          70          59          71          83          96          82          70 ];
 cell_v{          46 }=[          69          58          70          82          95          81          69 ];
 cell_v{          47 }=[          68          57          69          81          94          80          68 ];
 cell_v{          48 }=[          67          56          68          80          93          79          67 ];
 cell_v{          49 }=[         212          67          79          92         214         254         212 ];
 cell_v{          50 }=[         215         113          99          85         213         253         215 ];
 cell_v{          51 }=[          86          73          85          99         114         100          86 ];
 cell_v{          52 }=[          87          74          86         100         115         101          87 ];
 cell_v{          53 }=[          88          75          87         101         116         102          88 ];
 cell_v{          54 }=[          89          76          88         102         117         103          89 ];
 cell_v{          55 }=[          90          77          89         103         118         104          90 ];
 cell_v{          56 }=[          91          78          90         104         119         105          91 ];
 cell_v{          57 }=[          98          91         105         120         128         112          98 ];
 cell_v{          58 }=[          97          84          98         112         127         111          97 ];
 cell_v{          59 }=[          96          83          97         111         126         110          96 ];
 cell_v{          60 }=[          95          82          96         110         125         109          95 ];
 cell_v{          61 }=[          94          81          95         109         124         108          94 ];
 cell_v{          62 }=[          93          80          94         108         123         107          93 ];
 cell_v{          63 }=[          92          79          93         107         122         106          92 ];
 cell_v{          64 }=[         214          92         106         121         216         256         214 ];
 cell_v{          65 }=[         217         145         129         113         215         255         217 ];
 cell_v{          66 }=[         114          99         113         129         146         130         114 ];
 cell_v{          67 }=[         115         100         114         130         147         131         115 ];
 cell_v{          68 }=[         116         101         115         131         148         132         116 ];
 cell_v{          69 }=[         117         102         116         132         149         133         117 ];
 cell_v{          70 }=[         118         103         117         133         150         134         118 ];
