 ncell=          40 ;
 nedge=          96 ;
 nvert=          57 ;
 cell_v{           1 }=[          30           1          31          20          30 ];
 cell_v{           2 }=[          31           6          39          20          31 ];
 cell_v{           3 }=[          20          33           2          30          20 ];
 cell_v{           4 }=[          22          39           6          40          22 ];
 cell_v{           5 }=[           7          33          20          39           7 ];
 cell_v{           6 }=[          32           2          33          21          32 ];
 cell_v{           7 }=[          22          42           7          39          22 ];
 cell_v{           8 }=[          40           9          44          22          40 ];
 cell_v{           9 }=[          33           7          41          21          33 ];
 cell_v{          10 }=[          21          35           3          32          21 ];
 cell_v{          11 }=[          10          42          22          44          10 ];
 cell_v{          12 }=[          41           7          42          23          41 ];
 cell_v{          13 }=[          44           9          45          25          10          44 ];
 cell_v{          14 }=[           8          35          21          41           8 ];
 cell_v{          15 }=[          34           3          35           8          24          34 ];
 cell_v{          16 }=[          42          10          46          23          42 ];
 cell_v{          17 }=[          23          43           8          41          23 ];
 cell_v{          18 }=[          45          13          50          25          45 ];
 cell_v{          19 }=[          46          10          25          48          11          46 ];
 cell_v{          20 }=[          47          24           8          43          11          47 ];
 cell_v{          21 }=[          24          37           4          34          24 ];
 cell_v{          22 }=[          11          43          23          46          11 ];
 cell_v{          23 }=[          50          13          51          28          14          50 ];
 cell_v{          24 }=[          14          48          25          50          14 ];
 cell_v{          25 }=[          47          11          48          26          47 ];
 cell_v{          26 }=[          12          37          24          47          12 ];
 cell_v{          27 }=[          36           4          37          12          27          36 ];
 cell_v{          28 }=[          51          17          56          28          51 ];
 cell_v{          29 }=[          52          14          28          54          15          52 ];
 cell_v{          30 }=[          48          14          52          26          48 ];
 cell_v{          31 }=[          26          49          12          47          26 ];
 cell_v{          32 }=[          53          27          12          49          15          53 ];
 cell_v{          33 }=[          27          38           5          36          27 ];
 cell_v{          34 }=[          18          54          28          56          18 ];
 cell_v{          35 }=[          53          15          54          29          53 ];
 cell_v{          36 }=[          15          49          26          52          15 ];
 cell_v{          37 }=[          16          38          27          53          16 ];
 cell_v{          38 }=[          54          18          57          29          54 ];
 cell_v{          39 }=[          29          55          16          53          29 ];
 cell_v{          40 }=[          19          55          29          57          19 ];
 cell_e{           1 }=[          24          23          40          32 ];
 cell_e{           2 }=[          22          60          31          40 ];
 cell_e{           3 }=[          39          50          21          32 ];
 cell_e{           4 }=[          30          60          20          38 ];
 cell_e{           5 }=[          49          39          31          59 ];
 cell_e{           6 }=[          19          50          37          29 ];
 cell_e{           7 }=[          36          48          59          30 ];
 cell_e{           8 }=[          18          84          28          38 ];
 cell_e{           9 }=[          49          58          27          37 ];
 cell_e{          10 }=[          35          72          17          29 ];
 cell_e{          11 }=[          47          36          28          83 ];
 cell_e{          12 }=[          58          48          34          26 ];
 cell_e{          13 }=[          84          16          57          46          83 ];
 cell_e{          14 }=[          71          35          27          56 ];
 cell_e{          15 }=[          15          72          71          55          45 ];
 cell_e{          16 }=[          47          82          25          34 ];
 cell_e{          17 }=[          33          70          56          26 ];
 cell_e{          18 }=[          14          96          44          57 ];
 cell_e{          19 }=[          82          46          54          69          81 ];
 cell_e{          20 }=[          43          55          70          68          80 ];
 cell_e{          21 }=[          53          90          13          45 ];
 cell_e{          22 }=[          68          33          25          81 ];
 cell_e{          23 }=[          96          12          79          67          95 ];
 cell_e{          24 }=[          66          54          44          95 ];
 cell_e{          25 }=[          80          69          52          42 ];
 cell_e{          26 }=[          89          53          43          78 ];
 cell_e{          27 }=[          11          90          89          77          65 ];
 cell_e{          28 }=[          10           9          64          79 ];
 cell_e{          29 }=[          94          67          76          88          93 ];
 cell_e{          30 }=[          66          94          41          52 ];
 cell_e{          31 }=[          51          87          78          42 ];
 cell_e{          32 }=[          63          77          87          86          92 ];
 cell_e{          33 }=[          75           8           7          65 ];
 cell_e{          34 }=[          85          76          64           6 ];
 cell_e{          35 }=[          92          88          74          62 ];
 cell_e{          36 }=[          86          51          41          93 ];
 cell_e{          37 }=[           5          75          63          91 ];
 cell_e{          38 }=[          85           4          61          74 ];
 cell_e{          39 }=[          73           3          91          62 ];
 cell_e{          40 }=[           2          73          61           1 ];
 cell_n{           1 }=[           0           0           2           3 ];
 cell_n{           2 }=[           0           4           5           1 ];
 cell_n{           3 }=[           5           6           0           1 ];
 cell_n{           4 }=[           7           2           0           8 ];
 cell_n{           5 }=[           9           3           2           7 ];
 cell_n{           6 }=[           0           3           9          10 ];
 cell_n{           7 }=[          11          12           5           4 ];
 cell_n{           8 }=[           0          13          11           4 ];
 cell_n{           9 }=[           5          12          14           6 ];
 cell_n{          10 }=[          14          15           0           6 ];
 cell_n{          11 }=[          16           7           8          13 ];
 cell_n{          12 }=[           9           7          16          17 ];
 cell_n{          13 }=[           8           0          18          19          11 ];
 cell_n{          14 }=[          15          10           9          17 ];
 cell_n{          15 }=[           0          10          14          20          21 ];
