 ncell=          16 ;
 nedge=          40 ;
 nvert=          25 ;
 cell_v{           1 }=[           7           6           1           2           7 ];
 cell_v{           2 }=[          12          11           6           7          12 ];
 cell_v{           3 }=[           8           7           2           3           8 ];
 cell_v{           4 }=[          17          16          11          12          17 ];
 cell_v{           5 }=[          13          12           7           8          13 ];
 cell_v{           6 }=[           9           8           3           4           9 ];
 cell_v{           7 }=[          22          21          16          17          22 ];
 cell_v{           8 }=[          18          17          12          13          18 ];
 cell_v{           9 }=[          14          13           8           9          14 ];
 cell_v{          10 }=[          10           9           4           5          10 ];
 cell_v{          11 }=[          23          22          17          18          23 ];
 cell_v{          12 }=[          19          18          13          14          19 ];
 cell_v{          13 }=[          15          14           9          10          15 ];
 cell_v{          14 }=[          24          23          18          19          24 ];
 cell_v{          15 }=[          20          19          14          15          20 ];
 cell_v{          16 }=[          25          24          19          20          25 ];
 cell_e{           1 }=[          24          16          15          32 ];
 cell_e{           2 }=[          36          14          24          31 ];
 cell_e{           3 }=[          23          32          13          40 ];
 cell_e{           4 }=[          22          12          36          30 ];
 cell_e{           5 }=[          35          31          23          39 ];
 cell_e{           6 }=[          21          40          11          29 ];
 cell_e{           7 }=[          10           9          22          28 ];
 cell_e{           8 }=[          20          30          35          38 ];
 cell_e{           9 }=[          34          39          21          27 ];
 cell_e{          10 }=[          19          29           8           7 ];
 cell_e{          11 }=[           6          28          20          37 ];
 cell_e{          12 }=[          18          38          34          26 ];
 cell_e{          13 }=[          33          27          19           5 ];
 cell_e{          14 }=[           4          37          18          25 ];
 cell_e{          15 }=[          17          26          33           3 ];
 cell_e{          16 }=[           2          25          17           1 ];
 cell_n{           1 }=[           2           0           0           3 ];
 cell_n{           2 }=[           4           0           1           5 ];
 cell_n{           3 }=[           5           1           0           6 ];
 cell_n{           4 }=[           7           0           2           8 ];
 cell_n{           5 }=[           8           2           3           9 ];
 cell_n{           6 }=[           9           3           0          10 ];
 cell_n{           7 }=[           0           0           4          11 ];
 cell_n{           8 }=[          11           4           5          12 ];
 cell_n{           9 }=[          12           5           6          13 ];
 cell_n{          10 }=[          13           6           0           0 ];
 cell_n{          11 }=[           0           7           8          14 ];
 cell_n{          12 }=[          14           8           9          15 ];
 cell_n{          13 }=[          15           9          10           0 ];
 cell_n{          14 }=[           0          11          12          16 ];
 cell_n{          15 }=[          16          12          13           0 ];
 cell_n{          16 }=[           0          14          15           0 ];
 center=zeros(          16 ,2);
 center(           1 ,:)=[  0.12500000000000000       0.12500000000000000      ];
 center(           2 ,:)=[  0.12500000000000000       0.37500000000000000      ];
 center(           3 ,:)=[  0.37500000000000000       0.12500000000000000      ];
 center(           4 ,:)=[  0.12500000000000000       0.62500000000000000      ];
 center(           5 ,:)=[  0.37500000000000000       0.37500000000000000      ];
 center(           6 ,:)=[  0.62500000000000000       0.12500000000000000      ];
 center(           7 ,:)=[  0.12500000000000000       0.87500000000000000      ];
 center(           8 ,:)=[  0.37500000000000000       0.62500000000000000      ];
 center(           9 ,:)=[  0.62500000000000000       0.37500000000000000      ];
 center(          10 ,:)=[  0.87500000000000000       0.12500000000000000      ];
 center(          11 ,:)=[  0.37500000000000000       0.87500000000000000      ];
 center(          12 ,:)=[  0.62500000000000000       0.62500000000000000      ];
 center(          13 ,:)=[  0.87500000000000000       0.37500000000000000      ];
 center(          14 ,:)=[  0.62500000000000000       0.87500000000000000      ];
 center(          15 ,:)=[  0.87500000000000000       0.62500000000000000      ];
 center(          16 ,:)=[  0.87500000000000000       0.87500000000000000      ];
 area=zeros(          16 ,1);
 area(           1 )=   6.2500000000000000E-002 ;
 area(           2 )=   6.2500000000000000E-002 ;
 area(           3 )=   6.2500000000000000E-002 ;
 area(           4 )=   6.2500000000000000E-002 ;
 area(           5 )=   6.2500000000000000E-002 ;
 area(           6 )=   6.2500000000000000E-002 ;
 area(           7 )=   6.2500000000000000E-002 ;
 area(           8 )=   6.2500000000000000E-002 ;
 area(           9 )=   6.2500000000000000E-002 ;
 area(          10 )=   6.2500000000000000E-002 ;
 area(          11 )=   6.2500000000000000E-002 ;
 area(          12 )=   6.2500000000000000E-002 ;
 area(          13 )=   6.2500000000000000E-002 ;
 area(          14 )=   6.2500000000000000E-002 ;
 area(          15 )=   6.2500000000000000E-002 ;
 area(          16 )=   6.2500000000000000E-002 ;
 diam=zeros(          16 ,1);
 diam(           1 )=  0.35355339059327379      ;
 diam(           2 )=  0.35355339059327379      ;
 diam(           3 )=  0.35355339059327379      ;
 diam(           4 )=  0.35355339059327379      ;
 diam(           5 )=  0.35355339059327379      ;
 diam(           6 )=  0.35355339059327379      ;
 diam(           7 )=  0.35355339059327379      ;
 diam(           8 )=  0.35355339059327379      ;
 diam(           9 )=  0.35355339059327379      ;
 diam(          10 )=  0.35355339059327379      ;
 diam(          11 )=  0.35355339059327379      ;
 diam(          12 )=  0.35355339059327379      ;
 diam(          13 )=  0.35355339059327379      ;
 diam(          14 )=  0.35355339059327379      ;
 diam(          15 )=  0.35355339059327379      ;
 diam(          16 )=  0.35355339059327379      ;
 vertex=zeros(          25 ,2);
 vertex(           1 ,:)=[   0.0000000000000000        0.0000000000000000      ];
 vertex(           2 ,:)=[  0.25000000000000000        0.0000000000000000      ];
 vertex(           3 ,:)=[  0.50000000000000000        0.0000000000000000      ];
 vertex(           4 ,:)=[  0.75000000000000000        0.0000000000000000      ];
 vertex(           5 ,:)=[   1.0000000000000000        0.0000000000000000      ];
 vertex(           6 ,:)=[   0.0000000000000000       0.25000000000000000      ];
 vertex(           7 ,:)=[  0.25000000000000000       0.25000000000000000      ];
 vertex(           8 ,:)=[  0.50000000000000000       0.25000000000000000      ];
 vertex(           9 ,:)=[  0.75000000000000000       0.25000000000000000      ];
 vertex(          10 ,:)=[   1.0000000000000000       0.25000000000000000      ];
 vertex(          11 ,:)=[   0.0000000000000000       0.50000000000000000      ];
 vertex(          12 ,:)=[  0.25000000000000000       0.50000000000000000      ];
