 ncell=          64 ;
 nedge=         144 ;
 nvert=          81 ;
 cell_v{           1 }=[          11          10           1           2          11 ];
 cell_v{           2 }=[          20          19          10          11          20 ];
 cell_v{           3 }=[          12          11           2           3          12 ];
 cell_v{           4 }=[          29          28          19          20          29 ];
 cell_v{           5 }=[          21          20          11          12          21 ];
 cell_v{           6 }=[          13          12           3           4          13 ];
 cell_v{           7 }=[          38          37          28          29          38 ];
 cell_v{           8 }=[          30          29          20          21          30 ];
 cell_v{           9 }=[          22          21          12          13          22 ];
 cell_v{          10 }=[          14          13           4           5          14 ];
 cell_v{          11 }=[          47          46          37          38          47 ];
 cell_v{          12 }=[          39          38          29          30          39 ];
 cell_v{          13 }=[          31          30          21          22          31 ];
 cell_v{          14 }=[          23          22          13          14          23 ];
 cell_v{          15 }=[          15          14           5           6          15 ];
 cell_v{          16 }=[          56          55          46          47          56 ];
 cell_v{          17 }=[          48          47          38          39          48 ];
 cell_v{          18 }=[          40          39          30          31          40 ];
 cell_v{          19 }=[          32          31          22          23          32 ];
 cell_v{          20 }=[          24          23          14          15          24 ];
 cell_v{          21 }=[          16          15           6           7          16 ];
 cell_v{          22 }=[          65          64          55          56          65 ];
 cell_v{          23 }=[          57          56          47          48          57 ];
 cell_v{          24 }=[          49          48          39          40          49 ];
 cell_v{          25 }=[          41          40          31          32          41 ];
 cell_v{          26 }=[          33          32          23          24          33 ];
 cell_v{          27 }=[          25          24          15          16          25 ];
 cell_v{          28 }=[          17          16           7           8          17 ];
 cell_v{          29 }=[          74          73          64          65          74 ];
 cell_v{          30 }=[          66          65          56          57          66 ];
 cell_v{          31 }=[          58          57          48          49          58 ];
 cell_v{          32 }=[          50          49          40          41          50 ];
 cell_v{          33 }=[          42          41          32          33          42 ];
 cell_v{          34 }=[          34          33          24          25          34 ];
 cell_v{          35 }=[          26          25          16          17          26 ];
 cell_v{          36 }=[          18          17           8           9          18 ];
 cell_v{          37 }=[          75          74          65          66          75 ];
 cell_v{          38 }=[          67          66          57          58          67 ];
 cell_v{          39 }=[          59          58          49          50          59 ];
 cell_v{          40 }=[          51          50          41          42          51 ];
 cell_v{          41 }=[          43          42          33          34          43 ];
 cell_v{          42 }=[          35          34          25          26          35 ];
 cell_v{          43 }=[          27          26          17          18          27 ];
 cell_v{          44 }=[          76          75          66          67          76 ];
 cell_v{          45 }=[          68          67          58          59          68 ];
 cell_v{          46 }=[          60          59          50          51          60 ];
 cell_v{          47 }=[          52          51          42          43          52 ];
 cell_v{          48 }=[          44          43          34          35          44 ];
 cell_v{          49 }=[          36          35          26          27          36 ];
 cell_v{          50 }=[          77          76          67          68          77 ];
 cell_v{          51 }=[          69          68          59          60          69 ];
 cell_v{          52 }=[          61          60          51          52          61 ];
 cell_v{          53 }=[          53          52          43          44          53 ];
 cell_v{          54 }=[          45          44          35          36          45 ];
 cell_v{          55 }=[          78          77          68          69          78 ];
 cell_v{          56 }=[          70          69          60          61          70 ];
 cell_v{          57 }=[          62          61          52          53          62 ];
 cell_v{          58 }=[          54          53          44          45          54 ];
 cell_v{          59 }=[          79          78          69          70          79 ];
 cell_v{          60 }=[          71          70          61          62          71 ];
 cell_v{          61 }=[          63          62          53          54          63 ];
 cell_v{          62 }=[          80          79          70          71          80 ];
 cell_v{          63 }=[          72          71          62          63          72 ];
 cell_v{          64 }=[          81          80          71          72          81 ];
 cell_e{           1 }=[          64          32          31          96 ];
 cell_e{           2 }=[         112          30          64          95 ];
 cell_e{           3 }=[          63          96          29         128 ];
 cell_e{           4 }=[          62          28         112          94 ];
 cell_e{           5 }=[         111          95          63         127 ];
 cell_e{           6 }=[          61         128          27          93 ];
 cell_e{           7 }=[         136          26          62          92 ];
 cell_e{           8 }=[          60          94         111         126 ];
 cell_e{           9 }=[         110         127          61          91 ];
 cell_e{          10 }=[          59          93          25         144 ];
 cell_e{          11 }=[          58          24         136          90 ];
 cell_e{          12 }=[         135          92          60         125 ];
 cell_e{          13 }=[          57         126         110          89 ];
 cell_e{          14 }=[         109          91          59         143 ];
 cell_e{          15 }=[          56         144          23          88 ];
 cell_e{          16 }=[         108          22          58          87 ];
 cell_e{          17 }=[          55          90         135         124 ];
 cell_e{          18 }=[         134         125          57          86 ];
 cell_e{          19 }=[          54          89         109         142 ];
 cell_e{          20 }=[         107         143          56          85 ];
 cell_e{          21 }=[          53          88          21         123 ];
 cell_e{          22 }=[          52          20         108          84 ];
 cell_e{          23 }=[         106          87          55         122 ];
 cell_e{          24 }=[          51         124         134          83 ];
 cell_e{          25 }=[         133          86          54         141 ];
 cell_e{          26 }=[          50         142         107          82 ];
 cell_e{          27 }=[         105          85          53         121 ];
 cell_e{          28 }=[          49         123          19          81 ];
 cell_e{          29 }=[          18          17          52          80 ];
 cell_e{          30 }=[          48          84         106         120 ];
