 ncell=         160 ;
 nedge=         352 ;
 nvert=         193 ;
 cell_v{           1 }=[          98           1          99          58          98 ];
 cell_v{           2 }=[          99          31         184          58          99 ];
 cell_v{           3 }=[          58         154          30          98          58 ];
 cell_v{           4 }=[          88         184          31         127          88 ];
 cell_v{           5 }=[          20         154          58         184          20 ];
 cell_v{           6 }=[         126          30         154          68         126 ];
 cell_v{           7 }=[         184          88         174          20         184 ];
 cell_v{           8 }=[         127           6         107          88         127 ];
 cell_v{           9 }=[         164          68         154          20         164 ];
 cell_v{          10 }=[          68         101           2         126          68 ];
 cell_v{          11 }=[         107          39         174          88         107 ];
 cell_v{          12 }=[         174          78         164          20         174 ];
 cell_v{          13 }=[         107           6         108          60         107 ];
 cell_v{          14 }=[          68         164          33         101          68 ];
 cell_v{          15 }=[         100           2         101          59         100 ];
 cell_v{          16 }=[          60         156          39         107          60 ];
 cell_v{          17 }=[          78         174          39         135          78 ];
 cell_v{          18 }=[         129          33         164          78         129 ];
 cell_v{          19 }=[         108          40         186          60         108 ];
 cell_v{          20 }=[         101          33         185          59         101 ];
 cell_v{          21 }=[          59         155          32         100          59 ];
 cell_v{          22 }=[          22         156          60         186          22 ];
 cell_v{          23 }=[         135          39         156          70         135 ];
 cell_v{          24 }=[           7         129          78         135           7 ];
 cell_v{          25 }=[          89         185          33         129          89 ];
 cell_v{          26 }=[          90         186          40         136          90 ];
 cell_v{          27 }=[          21         155          59         185          21 ];
 cell_v{          28 }=[         128          32         155          69         128 ];
 cell_v{          29 }=[         166          70         156          22         166 ];
 cell_v{          30 }=[         186          90         176          22         186 ];
 cell_v{          31 }=[          70         110           7         135          70 ];
 cell_v{          32 }=[         129           7         109          89         129 ];
 cell_v{          33 }=[         185          89         175          21         185 ];
 cell_v{          34 }=[         136           9         112          90         136 ];
 cell_v{          35 }=[         165          69         155          21         165 ];
 cell_v{          36 }=[          69         103           3         128          69 ];
 cell_v{          37 }=[          70         166          42         110          70 ];
 cell_v{          38 }=[         176          80         166          22         176 ];
 cell_v{          39 }=[         112          44         176          90         112 ];
 cell_v{          40 }=[         109           7         110          61         109 ];
 cell_v{          41 }=[         109          41         175          89         109 ];
 cell_v{          42 }=[         175          79         165          21         175 ];
 cell_v{          43 }=[         112           9         113          63          44         112 ];
 cell_v{          44 }=[          69         165          35         103          69 ];
 cell_v{          45 }=[         102           3         103          35          62         102 ];
 cell_v{          46 }=[         138          42         166          80         138 ];
 cell_v{          47 }=[         110          42         187          61         110 ];
 cell_v{          48 }=[          80         176          44         140          80 ];
 cell_v{          49 }=[          61         157          41         109          61 ];
 cell_v{          50 }=[          79         175          41         137          79 ];
 cell_v{          51 }=[         131          35         165          79         131 ];
 cell_v{          52 }=[         113          45         159          63         113 ];
 cell_v{          53 }=[          63         189          10         140          44          63 ];
 cell_v{          54 }=[         131           8         188          62          35         131 ];
 cell_v{          55 }=[          62         158          34         102          62 ];
 cell_v{          56 }=[          91         187          42         138          91 ];
 cell_v{          57 }=[          10         138          80         140          10 ];
 cell_v{          58 }=[          23         157          61         187          23 ];
 cell_v{          59 }=[         137          41         157          71         137 ];
 cell_v{          60 }=[           8         131          79         137           8 ];
 cell_v{          61 }=[          73         159          45         141          73 ];
 cell_v{          62 }=[         189          63         159          25         189 ];
 cell_v{          63 }=[         114          10         189          93          46         114 ];
 cell_v{          64 }=[          92         188           8         111          43          92 ];
 cell_v{          65 }=[          24         158          62         188          24 ];
 cell_v{          66 }=[         130          34         158          72         130 ];
 cell_v{          67 }=[         187          91         177          23         187 ];
 cell_v{          68 }=[         138          10         114          91         138 ];
 cell_v{          69 }=[         167          71         157          23         167 ];
 cell_v{          70 }=[          71         111           8         137          71 ];
 cell_v{          71 }=[          25         159          73         169          25 ];
 cell_v{          72 }=[         141          13         118          73         141 ];
 cell_v{          73 }=[          25         179          93         189          25 ];
 cell_v{          74 }=[          93         116          11         142          46          93 ];
 cell_v{          75 }=[         114          46         177          91         114 ];
 cell_v{          76 }=[         188          92         178          24         188 ];
 cell_v{          77 }=[          71         167          43         111          71 ];
 cell_v{          78 }=[         139          11         115          92          43         139 ];
 cell_v{          79 }=[         168          72         158          24         168 ];
 cell_v{          80 }=[          72         105           4         130          72 ];
 cell_v{          81 }=[         177          81         167          23         177 ];
 cell_v{          82 }=[         118          50         169          73         118 ];
 cell_v{          83 }=[          25         169          83         179          25 ];
 cell_v{          84 }=[         118          13         119          66          50         118 ];
 cell_v{          85 }=[          93         179          48         116          93 ];
 cell_v{          86 }=[         115          11         116          64         115 ];
 cell_v{          87 }=[          11         139          81         142          11 ];
 cell_v{          88 }=[          81         177          46         142          81 ];
